# oST version 5.0 parameters


[image]

width
640

height
480

[narrow_stereo]

camera matrix
388.541455 0.000000 333.286302
0.000000 516.740590 218.046582
0.000000 0.000000 1.000000

distortion
-0.333732 0.118548 -0.000058 -0.001048 0.000000

rectification
1.000000 0.000000 0.000000
0.000000 1.000000 0.000000
0.000000 0.000000 1.000000

projection
301.593231 0.000000 333.386073 0.000000
0.000000 474.584839 213.729347 0.000000
0.000000 0.000000 1.000000 0.000000



('Wrote calibration data to', '/tmp/calibrationdata.tar.gz')
D =  [-0.333731524127626, 0.11854810239409427, -5.844911016204961e-05, -0.0010475436582326626, 0.0]
K =  [388.5414554106087, 0.0, 333.2863023047152, 0.0, 516.7405904698525, 218.04658188393046, 0.0, 0.0, 1.0]
R =  [1.0, 0.0, 0.0, 0.0, 1.0, 0.0, 0.0, 0.0, 1.0]
P =  [301.5932312011719, 0.0, 333.38607310989755, 0.0, 0.0, 474.5848388671875, 213.7293465208386, 0.0, 0.0, 0.0, 1.0, 0.0]
# oST version 5.0 parameters

