**** Calibrating ****
mono pinhole calibration...
D =  [-0.3337185168768101, 0.1188242074434167, -0.004441223573153408, -0.00044344083941026913, 0.0]
K =  [390.1289991465832, 0.0, 330.2595986191206, 0.0, 518.8907157495966, 229.37899388665363, 0.0, 0.0, 1.0]
R =  [1.0, 0.0, 0.0, 0.0, 1.0, 0.0, 0.0, 0.0, 1.0]
P =  [302.66156005859375, 0.0, 331.14962529295735, 0.0, 0.0, 477.35968017578125, 225.01330826870253, 0.0, 0.0, 0.0, 1.0, 0.0]
None
# oST version 5.0 parameters


[image]

width
640

height
480

[narrow_stereo]

camera matrix
390.128999 0.000000 330.259599
0.000000 518.890716 229.378994
0.000000 0.000000 1.000000

distortion
-0.333719 0.118824 -0.004441 -0.000443 0.000000

rectification
1.000000 0.000000 0.000000
0.000000 1.000000 0.000000
0.000000 0.000000 1.000000

projection
302.661560 0.000000 331.149625 0.000000
0.000000 477.359680 225.013308 0.000000
0.000000 0.000000 1.000000 0.000000


**** Calibrating ****
mono pinhole calibration...
D =  [-0.3337185168768101, 0.1188242074434167, -0.004441223573153408, -0.00044344083941026913, 0.0]
K =  [390.1289991465832, 0.0, 330.2595986191206, 0.0, 518.8907157495966, 229.37899388665363, 0.0, 0.0, 1.0]
R =  [1.0, 0.0, 0.0, 0.0, 1.0, 0.0, 0.0, 0.0, 1.0]
P =  [302.66156005859375, 0.0, 331.14962529295735, 0.0, 0.0, 477.35968017578125, 225.01330826870253, 0.0, 0.0, 0.0, 1.0, 0.0]
None
# oST version 5.0 parameters


[image]

width
640

height
480

[narrow_stereo]

camera matrix
390.128999 0.000000 330.259599
0.000000 518.890716 229.378994
0.000000 0.000000 1.000000

distortion
-0.333719 0.118824 -0.004441 -0.000443 0.000000

rectification
1.000000 0.000000 0.000000
0.000000 1.000000 0.000000
0.000000 0.000000 1.000000

projection
302.661560 0.000000 331.149625 0.000000
0.000000 477.359680 225.013308 0.000000
0.000000 0.000000 1.000000 0.000000


('Wrote calibration data to', '/tmp/calibrationdata.tar.gz')


