# oST version 5.0 parameters


[image]

width
640

height
480

[narrow_stereo]

camera matrix
390.128999 0.000000 330.259599
0.000000 518.890716 229.378994
0.000000 0.000000 1.000000

distortion
-0.333719 0.118824 -0.004441 -0.000443 0.000000

rectification
1.000000 0.000000 0.000000
0.000000 1.000000 0.000000
0.000000 0.000000 1.000000

projection
302.661560 0.000000 331.149625 0.000000
0.000000 477.359680 225.013308 0.000000
0.000000 0.000000 1.000000 0.000000

