image_width: 640
image_height: 480
camera_name: narrow_stereo
camera_matrix:
  rows: 3
  cols: 3
  data: [390.128999, 0.000000, 330.259599, 0.000000, 518.890716, 229.378994, 0.000000, 0.000000, 1.000000]
distortion_model: plumb_bob
distortion_coefficients:
  rows: 1
  cols: 5
  data: [-0.333719, 0.118824, -0.004441, -0.000443, 0.000000]
rectification_matrix:
  rows: 3
  cols: 3
  data: [1.000000, 0.000000, 0.000000, 0.000000, 1.000000, 0.000000, 0.000000, 0.000000, 1.000000]
projection_matrix:
  rows: 3
  cols: 4
  data: [302.661560, 0.000000, 331.149625, 0.000000, 0.000000, 477.359680, 225.013308, 0.000000, 0.000000, 0.000000, 1.000000, 0.000000]
