# oST version 5.0 parameters


[image]

width
640

height
480

[narrow_stereo]

camera matrix
388.541455 0.000000 333.286302
0.000000 516.740590 218.046582
0.000000 0.000000 1.000000

distortion
-0.333732 0.118548 -0.000058 -0.001048 0.000000

rectification
1.000000 0.000000 0.000000
0.000000 1.000000 0.000000
0.000000 0.000000 1.000000

projection
301.593231 0.000000 333.386073 0.000000
0.000000 474.584839 213.729347 0.000000
0.000000 0.000000 1.000000 0.000000

